  No    Ref    V       B-V     U-B

 0001   137   9.400   0.760  -0.180
 0001   158   9.490   0.680  -0.230
 0002   137  10.660   0.690  -0.200
 0002   158  10.700   0.660  -0.270
 0003   158  10.390   0.660  -0.170
 0004   158   9.700   0.750  -0.250
 0005   137  10.950   0.790   0.010
 0005   158  11.050   0.690  -0.020
 0006   137  11.810   0.740  -0.080
 0006   158  11.820   0.740  -0.110
 0007   137  10.440   0.640   0.210
 0007   158  10.480   0.620   0.100
 0008   158  10.320   1.090   0.970
 0009   158  12.090   1.120   0.210
 0010   137  12.720   0.790   0.020
 0010   158  12.710   0.810   0.060
 0011   137  11.780   0.740  -0.090
 0011   158  11.840   0.680  -0.120
 0012   158  11.220   0.480  -0.080
 0013   158   9.300   0.870  -0.160
 0014   158  10.740   0.590  -0.260
 0015   158  11.070   0.480  -0.380
 0016   158   8.320  -0.060  -0.220
 0017   158   9.780   0.510  -0.390
 0018   158  11.410   0.260   0.030
 0019   158  13.510   0.940   0.650
 0020   158  12.260   1.360   1.060
 0021   158  13.010   0.500   0.380
 0022   137  14.060   0.970   0.390
 0022   158  14.210   0.910   0.200
 0023   137  12.360   0.730  -0.070
 0023   158  12.350   0.710  -0.050
 0024   137  13.820   0.610   0.050
 0024   158  13.900   0.610   0.270
 0025   137  14.740   0.620   0.620
 0026   137  12.850   1.130   0.120
 0026   158  12.720   1.110   0.150
 0027   137  14.090   0.930   0.300
 0027   158  14.040   0.930   0.350
 0028   137  12.720   1.900   1.690
 0029   137  14.390   0.930   0.450
 0029   158  14.410   0.950   0.500
 0030   137  12.850   0.760   0.110
 0030   158  12.860   0.750   0.020
 0031   137  12.820   0.560   0.140
 0031   158  12.850   0.550   0.100
 0032   137  13.710   0.920   0.300
 0032   158  13.730   0.910   0.200
 0033   137  12.460   2.290   1.740
 0034   158  12.230   1.050  -0.100
 0035   158  13.230   0.870   0.310
 0036   158  13.810   0.710   0.380
 0037   158  12.940   0.510   0.030
 0038   158  13.320   0.610   0.170
 0039   137  13.140   0.860   0.100
 0039   158  13.150   0.830   0.050
 0040   158  13.610   0.600   0.090
 0101   158  14.230   1.100   0.640
 0102   158  10.200   0.360  -0.070
 0103   158  14.650   1.220   0.130
 0104   158  12.480   0.560   0.070
 0105   158  13.150   0.950   0.780
 0106   158  14.940   0.880   1.530
 0107   158  14.480   0.860   0.650
 0108   158  10.300   1.130   1.020
 0110   158  15.400   1.240   0.610
 0111   158  15.090   0.960   0.890
 0112   158  14.580   0.770   0.590
 0113   158  14.950   0.820   0.550
 0114   158  12.920   1.130   1.050
 0115   158  13.830   1.100   0.340
 0116   158  13.590   0.960   0.530
 0117   158  13.060   0.630   0.110
 0118   158  13.250   0.790   0.310
 0119   158  14.120   0.950   0.220
 0120   158  14.800   0.860   0.130
 0121   158  13.750   0.720   0.210
 0122   158  12.040   1.640   1.500
 0123   158  13.740   0.650   0.280
 0124   158  14.760   1.100   0.240
 0125   158  15.150   1.070   1.280
 0127   158  14.230   0.960   0.460
 0128   158  14.210   0.800   1.070
 0131   158  13.950   0.710  -0.040
 0132   137  13.990   0.930   0.510
 0132   158  13.900   0.940   0.650
 0133   158  11.980   1.480   1.150
 0134   137  13.380   0.840   0.130
 0134   158  13.410   0.760   0.100
 0136   158  14.860   1.000   0.170
 0138   158  13.480   0.680   0.170
 0141   158  13.840   0.680   0.050
 0146   158  14.890   1.000   0.030
 0147   158  13.650   0.830   0.680
 0148   158  14.670   0.850   0.340
 0149   158  10.970   0.640  -0.170
 0150   158  14.580   1.040   0.800
 0151   158  13.270   0.660   0.110
 0152   158  14.290   0.780   0.690
 0153   158  14.340   0.640   0.490
 0154   158  11.200   0.680   0.210
 0155   158  14.900   0.640   0.620
 0156   137  14.370   0.740   0.370
 0156   158  14.390   0.860   0.440
 0157   158  15.120   0.750   0.570
 0158   158  13.800   0.600   0.130
 0159   158  14.580   0.930   1.010
 0160   158  14.740   0.840   0.270
 0169   158  14.310   0.960   0.080
 0171   158  13.760   0.780   0.170
 0172   158  17.000   0.130  -0.840
 0175   137  14.780   0.890   0.420
 0175   158  14.850   0.820   0.050
 0176   158  11.030   1.130   0.860
 0178   158  14.450   0.680   0.470
 0181   158  13.060   0.390  -0.070
 0182   158  15.160   1.050   0.020
 0183   158  15.020   0.900   0.140
 0184   158  14.060   0.570   0.310
 0185   158  11.760   1.520   1.340
 0186   158  13.820   0.920   0.570
 0187   158  13.100   0.740   0.310
 0189   158  14.730   0.750   0.230
 0190   158  12.140   1.390   1.190
 0191   158  13.890   1.000   0.610
 0192   158  12.890   0.870   0.270
 0194   158  13.550   0.730   0.550
 0195   158  13.600   0.640   0.010
 0196   158  14.020   0.850   0.330
 0199   158  13.680   0.960   0.170
 0200   158  11.260   0.560  -0.020
 0201   158  13.940   0.780   0.390
 0202   158  12.410   0.430   0.280
 0203   158  14.680   0.960   0.240
 0204   158  12.620   1.070   0.870
 0205   158  13.950   0.800   0.190
 0206   158  14.000   0.740   0.330
 0207   158  14.960   1.110   0.260
 0208   158  13.740   1.130   0.320
 0210   158  12.620   0.540  -0.080
 0211   158  14.270   0.880   0.440
 0213   158  13.720   0.660   0.120
 0214   158  13.120   0.700         
 0216   158  11.860   0.260   0.140
 0217   158  10.520   0.300   0.130
 0218   158   7.940   0.490  -0.410
 0219   158  13.350   0.820   0.630
 0221   158  14.140   0.940   0.740
 0222   158  14.490   0.810   0.440
 0223   158  14.420   0.620   0.280
 0224   158  12.680   0.840   0.490
 0225   158  12.710   0.600   0.050
 0226   158  14.820   0.810   0.440
 0227   158  13.600   0.600  -0.010
 0228   158  12.670   0.670   0.040
 0229   158  11.640   0.380   0.040
 0230   158  14.290   1.220   0.200
 0231   158  14.280   0.910   0.250
 0232   158  11.800   1.260   1.190
 0233   158  14.250   1.110   0.230
 0235   158  11.760   0.550  -0.270
 0236   158  15.080   0.750   0.780
 0237   158  14.710   1.350   0.440
 0238   158  12.990   0.460   0.350
 0240   158  13.980   0.790  -0.010
 0241   158  13.800   0.670   0.180
 0242   158  15.140   1.020   0.570
 0244   158  13.980   0.900   0.500
 0245   158  13.340   0.610   0.090
 0246   158  10.760   0.360   0.120
 0247   158  14.840   0.810   0.160
 0248   158  13.620   0.630   0.090
 0249   158  14.050   0.990   0.510
 0250   158  12.480   0.630   0.010
 0251   158  14.440   0.890   0.350
 0252   158  14.680   0.700   0.280
 0253   158  12.050   0.590         
 0254   158  14.470   0.910   0.510
 0255   158  14.410   0.800   0.180
 0256   158  14.300   0.500   0.560
 0257   158  13.220   0.830   0.560
 0258   158  12.980   0.580   0.130
 0259   158  11.960   0.520  -0.050
 0260   158  14.820   0.830   0.310
 0261   158  12.130   0.530  -0.220
 0262   158  11.270   1.070   0.980
 0263   158  10.650   0.260   0.060
 0264   158  15.270   0.870   1.340
 0265   158  12.450   0.720   0.290
 0266   158  13.740   0.800   0.530
 0267   158  14.450   0.720   0.360
 0268   158  12.620   0.410   0.270
 0269   158  14.810   1.000   0.860
 0270   158  14.660   1.040   0.610
 0271   158  15.250   0.890   1.440
 0272   158  14.650   1.220   0.350
 0273   158  13.400   0.710  -0.010
 0274   158  15.850   1.240  -0.870
 0275   158  13.310   0.600  -0.080
 0276   158  13.300   0.720   0.120
 0277   158  12.280   0.620   0.010
 0278   158  13.850   0.720   0.210
 0279   158  12.760   0.630   0.130
 0280   158  14.840   0.920   0.370
 0281   158  14.610   0.810   0.220
 0282   158  13.840   0.850   0.250
 0283   158  14.840   0.740   0.350
 0284   158  13.160   0.670   0.070
 0285   158  14.200   0.640  -0.080
 0286   158  13.830   0.730  -0.140
 0287   158  14.740   1.090   0.240
 0288   158  11.820   0.580  -0.200
 0289   158  14.500   0.930   0.730
 0290   158  14.240   0.920   0.140
 0291   158  11.870   0.570  -0.250
 0292   158  13.470   0.570   0.130
 0293   158  13.980   0.780  -0.010
 0307   158  12.860   0.710   0.020
 0313   158  13.520   0.700   0.620
 0323   158  10.550   0.210   0.110
 0345   158  14.380   1.120   1.150
 0348   158  10.240   1.380   1.570
 0354   158  13.400   1.670   0.940
 0355   158  12.700   1.700   1.370
 0360   158  13.040   0.790   0.210
 0361   158  16.510   0.060  -0.150
 0371   158  14.280   0.800   0.310
 0391   158  14.100   0.780   0.130
 1001   137  15.040   1.810   1.390
 1002   137  15.210   1.120   1.070
 1007   137  18.150   1.120         
 1008   137  17.310   1.180         
 1011   137  17.610   0.930         
 1016   137  16.250   1.180   0.910
 1020   137  15.470   1.520         
 1021   137  16.490   1.270         
 1022   137  16.160   1.890         
 1023   137  16.580   1.430         
 1026   137  18.050   1.630         
 1034   137  17.190   1.250         
 1036   137  17.310   1.120         
 1037   137  16.330   1.080   0.710
 1039   137  14.920   0.880   0.410
 1043   137  18.790   1.010         
 1045   137  16.940   1.150   0.280
 1049   137  16.000   1.250   1.140
 1051   137  15.130   0.900   0.660
 1052   137  15.810   1.850         
 1063   137  16.540   1.370         
 1066   137  16.360   1.910         
 1067   137  18.800   1.080         
 1071   137  16.990   2.030         
 1072   137  16.760   0.900         
 1076   137  15.550   1.020   0.800
 1079   137  18.760   1.490         
 1080   137  14.670   1.040   0.610
 1082   137  18.180   1.600         
 1083   137  17.770   1.330         
 1100   137  17.920   1.370         
 1105   137  18.790   0.770         
 1110   137  14.380   1.810   1.350
 1112   137  17.890   1.110         
 1118   137  17.680   1.440         
 1119   137  16.730   1.060         
 1123   137  16.960   1.180   0.320
 1124   137  18.160   1.220         
 1132   137  17.450   1.700         
 1139   137  17.420   1.310         
 1143   137  18.080   1.170         
 1144   137  17.140   1.300         
 1145   137  17.830   1.350         
 1146   137  18.520   1.160         
 1149   137  18.090   1.450         
 1152   137  14.310   1.690   2.230
 1158   137  17.460   1.210         
 1160   137  17.100   1.380         
 1164   137  17.950   1.250         
 1168   137  18.110   1.150         
 1170   137  18.600   1.420         
 1175   137  16.860   1.320         
 1176   137  15.480   1.160   0.860
 1182   137  18.730   1.760         
 1186   137  17.580   1.510         
 1190   137  17.860   1.230         
 1192   137  15.590   1.710         
 1193   137  16.390   1.200         
 1194   137  18.600   1.100         
 1201   137  16.560   1.450         
 1202   137  18.100   1.230         
 1204   137  16.400   1.110   0.590
 1212   137  18.760   1.290         
 1213   137  17.940   1.410         
 1215   137  15.900   1.150   0.550
 1225   137  14.220   2.060   1.870
 1232   137  15.620   1.220   1.100
 1233   137  16.040   1.130   0.570
 1235   137  18.050   1.170         
 1238   137  16.830   1.060   0.410
 1242   137  18.710   1.430         
 1243   137  17.070   1.200         
 1244   137  17.640   1.190         
 1249   137  18.090   1.340  -0.820
 1251   137  17.630   1.410  -0.520
 1252   137  17.320   1.180         
 1254   137  17.630   1.330         
 1255   137  15.590   1.860   1.110
 1257   137  17.850   1.690         
 1258   137  18.200   1.560         
 1260   137  17.580   1.230         
 1266   137  18.010   1.360         
 1267   137  16.490   1.410         
 1268   137  17.080   1.220         
 1276   137  16.990   1.350         
 1279   137  15.060   0.930   0.510
 1281   137  18.090   1.370         
 1282   137  18.670   1.490         
 1284   137  16.540   1.340         
 1285   137  18.320   1.090         
 1288   137  17.390   1.420         
 1289   137  18.400   1.500         
 1290   137  18.950   1.280         
 1293   137  16.280   1.180   0.440
 1297   137  17.060   1.240         
 1306   137  16.630   1.480         
 1309   137  17.050   1.140         
 1310   137  17.200   1.420         
 1315   137  18.570   1.690         
 1316   137  16.970   1.290         
 1318   137  18.570   1.960         
 1319   137  15.810   1.130   0.660
 1322   137  17.400   1.400         
 1326   137  17.980   1.880         
 1331   137  17.840   1.830         
 1332   137  18.470   1.160         
 1334   137  15.760   1.140   1.040
 1335   137  18.540   1.900         
 1338   137  16.600   2.010         
 1339   137  16.480   1.650         
 1342   137  18.190   1.480         
 1343   137  15.250   0.930   0.970
 1344   137  16.360   0.940   1.000
 1350   137  18.480   1.380         
 1354   137  16.580   1.600         
 1357   137  16.870   0.960         
 1358   137  16.370   1.540         
 1359   137  18.640   1.490         
 1366   137  16.380   1.030         
 1372   137  15.780   1.010         
 1377   137  16.870   1.080  -0.240
 1380   137  14.890   1.560         
 1382   137  17.820   1.630         
 1383   137  16.690   0.960         
 1386   137  17.400   1.440         
 1388   137  17.650   2.060         
 1389   137  18.800   1.620         
 1397   137  15.000   1.050   0.480
 1401   137  18.590   1.240         
 1405   137  15.280   1.120   0.810
 1407   137  17.500   1.120         
 1412   137  18.030   1.190         
 1413   137  15.150   1.330   0.840
 1414   137  17.450   1.140         
 1425   137  15.750   1.080   0.700
 1426   137  17.160   1.780         
 1435   137  17.500   1.780  -3.850
 1448   137  18.480   0.990         
 1450   137  18.080   1.200         
 1451   137  18.190   1.290         
 1454   137  18.130   1.580         
 1459   137  18.860   0.990         
 1461   137  18.830   1.440         
 1466   137  18.490   1.330         
 1467   137  18.410   1.280         
 1468   137  17.980   1.670         
 1469   137  17.660   1.310         
 1471   137  16.790   1.130         
 1476   137  18.440   0.960         
 1483   137  16.280   1.890         
 1485   137  16.160   1.760         
 1486   137  18.950   0.960         
 1487   137  18.390   1.250         
 1488   137  16.750   1.030         
 1495   137  17.630   1.630         
 1501   137  16.340   1.220         
 1504   137  17.230   1.240   0.300
 1505   137  16.770   0.940         
 1508   137  16.180   2.090         
 1514   137  16.830   1.010         
 1515   137  17.630   2.180         
 1519   137  19.020   0.760         
 1523   137  16.730   1.090         
 1527   137  18.380   1.240         
 1528   137  17.830   2.050         
 1535   137  17.360   1.270         
 1536   137  17.760   1.150         
 1538   137  18.440   1.230         
