  No    Ref    V       B-V     U-B

 0001   301  16.380   1.250         
 0002   301  13.520   0.710         
 0003   301  16.570   1.130         
 0004   301  15.700   1.430         
 0005   301  17.180   1.710         
 0007   301  15.520   1.030         
 0008   301  11.600   0.490         
 0009   301  11.690   0.540         
 0010   301  16.000   1.550         
 0011   301  11.040   0.510         
 0012   301  14.930   0.870         
 0013   301  14.110   0.990         
 0014   301  11.310   0.530         
 0015   301  16.840   1.330         
 0019   301  16.310   2.290         
 0020   301  14.740   0.770         
 0021   301  15.770   2.070         
 0022   301  16.950   1.530         
 0023   301  12.940   0.680         
 0024   301  14.830   1.430         
 0028   301  17.000   1.610         
 0030   301  18.080   1.330         
 0031   301  16.550   1.570         
 0032   301  14.890   1.860         
 0035   301  13.160   0.660         
 0036   301  17.050   2.010         
 0037   301  14.020   1.070         
 0039   301  16.830   1.800         
 0040   301  16.580   1.390         
 0041   301  16.940   1.510         
 0043   301  18.800   1.580         
 0044   301  14.520   1.350         
 0045   301  15.790   1.620         
 0046   301  15.110   1.540         
 0049   301  16.230   1.890         
 0050   301  15.720   1.690         
 0051   301  17.180   1.130         
 0052   301  17.490   1.480         
 0053   301  11.770   0.670         
 0055   301  16.120   1.370         
 0056   301  15.790   1.940         
 0058   301  14.490   0.950         
 0059   301  18.460   1.920         
 0060   301  17.050   1.740         
 0061   301  16.790   1.490         
 0062   301  12.200   0.420         
 0063   301  16.660   1.150         
 0064   301  12.540   0.450         
 0066   301  14.100   1.160         
 0068   301  17.420   1.660         
 0069   301  15.440   2.020         
 0070   301  13.280   0.760         
 1001   301  16.460   1.170         
 1002   301  20.240   2.150         
 1003   301  15.830   2.140         
 1005   301  21.330   1.830         
 1007   301  17.140   2.080         
 1009   301  21.440   2.410         
 1010   301  19.430   1.690         
 1011   301  18.300   1.400         
 1012   301  22.120   2.010         
 1013   301  18.700   1.630         
 1014   301  20.930   1.810         
 1015   301  20.010   1.800         
 1016   301  21.380   2.010         
 1017   301  20.240   1.700         
 1018   301  18.730   1.930         
 1019   301  19.820   1.960         
 1020   301  21.240   2.090         
 1023   301  19.760   1.620         
 1024   301  20.720   1.900         
 1025   301  19.600   1.840         
 1026   301  20.760   1.840         
 1027   301  20.220   2.100         
 1028   301  21.400   1.770         
 1029   301  18.540   1.640         
 1030   301  20.210   1.770         
 1031   301  23.020   2.910         
 1032   301  19.070   2.270         
 1033   301  22.780   2.510         
 1034   301  21.080   2.340         
 1035   301  19.190   0.990         
 1036   301  20.920   1.930         
 1037   301  20.970   2.310         
 1038   301  18.850   1.600         
 1039   301  21.470   2.260         
 1040   301  19.930   2.100         
 1041   301  22.130   2.180         
 1042   301  19.100   1.780         
 1043   301  19.880   2.470         
 1045   301  20.550   2.180         
 1047   301  20.750   2.020         
 1048   301  20.550   2.240         
 1049   301  19.530   2.270         
 1050   301  23.040   2.610         
 1051   301  20.900   2.130         
 1052   301  22.610   2.170         
 1053   301  17.750   2.130         
 1054   301  19.530   1.660         
 1056   301  21.560   1.760         
 1057   301  21.960   2.050         
 1058   301  19.190   2.150         
 1059   301  21.150   1.850         
 1060   301  21.580   1.780         
 1061   301  20.310   2.200         
 1062   301  21.410   1.890         
 1063   301  21.220   1.960         
 1064   301  22.510   2.340         
 1065   301  22.460   1.290         
 1066   301  19.800   2.260         
 1067   301  18.580   1.890         
 1068   301  21.850   2.090         
 1069   301  19.720   2.100         
 1070   301  17.910   1.870         
 1071   301  22.480   1.540         
 1072   301  15.850   0.940         
 1073   301  23.030   1.290         
 1074   301  22.110   2.460         
 1075   301  21.250   1.850         
 1076   301  21.680   1.980         
 1077   301  18.370   1.820         
 1078   301  22.650   1.910         
 1079   301  18.240   1.780         
 1080   301  19.160   2.050         
 1081   301  21.570   2.250         
 1082   301  18.120   1.260         
 1084   301  19.070   1.670         
 1085   301  22.810   1.960         
 1086   301  22.200   1.290         
 1087   301  20.290   2.270         
 1088   301  21.060   2.050         
 1089   301  19.880   1.810         
 1090   301  21.800   2.270         
 1091   301  17.540   1.840         
 1092   301  21.350   1.900         
 1093   301  19.060   1.510         
 1094   301  19.170   1.840         
 1095   301  17.890   1.960         
 1096   301  23.260   1.550         
 1097   301  19.710   1.880         
 1098   301  21.130   1.850         
 1099   301  18.420   1.730         
 1100   301  18.390   2.050         
 1101   301  23.310   2.500         
 1102   301  19.940   1.570         
 1103   301  21.640   2.100         
 1104   301  22.590   1.980         
 1105   301  21.920   1.840         
 1106   301  18.980   2.290         
 1107   301  23.130   1.400         
 1109   301  19.210   1.440         
 1110   301  21.590   2.350         
 1111   301  19.920   1.640         
 1112   301  20.430   1.860         
 1113   301  19.040   1.960         
 1114   301  19.520   1.600         
 1115   301  23.240   2.150         
 1116   301  17.790   1.420         
 1117   301  21.030   1.520         
 1118   301  20.450   1.610         
 1119   301  21.330   1.980         
 1120   301  21.520   1.980         
 1121   301  19.550   1.510         
 1122   301  19.910   1.610         
 1123   301  18.020   1.420         
 1124   301  20.330   1.490         
 1126   301  20.810   1.850         
 1127   301  23.640   2.490         
 1128   301  21.890   1.890         
 1130   301  21.280   2.270         
 1131   301  19.400   1.630         
 1132   301  20.340   2.020         
 1133   301  20.740   2.210         
 1134   301  19.980   2.240         
 1135   301  20.430   1.610         
 1136   301  20.870   1.980         
 1137   301  19.680   2.070         
 1138   301  20.640   1.670         
 1139   301  18.600   1.780         
 1141   301  21.000   2.750         
 1142   301  20.520   1.990         
 1143   301  19.780   2.090         
 1144   301  18.040   1.960         
 1145   301  18.230   1.430         
 1146   301  21.930   2.360         
 1147   301  18.650   1.480         
 1148   301  17.210   2.170         
 1149   301  20.240   1.720         
 1150   301  20.950   2.150         
 1151   301  21.660   1.710         
 1152   301  18.920   1.410         
 1153   301  20.580   1.980         
 1155   301  18.310   1.630         
 1156   301  17.550   1.690         
 1157   301  21.780   1.910         
 1158   301  17.290   1.890         
 1159   301  20.530   1.930         
 1160   301  21.500   1.970         
 1161   301  21.830   2.140         
 1164   301  19.510   2.100         
 1165   301  17.570   2.180         
 1166   301  20.930   2.110         
 1167   301  21.160   2.130         
 1168   301  21.040   2.090         
 1169   301  18.960   1.610         
 1170   301  20.940   1.960         
 1173   301  18.980   2.340         
 1174   301  18.330   2.220         
 1175   301  17.800   1.610         
 1176   301  19.430   1.700         
 1178   301  19.230   1.460         
 1179   301  21.740   1.790         
 1180   301  22.880   2.500         
 1183   301  19.600   1.850         
 1184   301  21.220   1.680         
 1185   301  17.930   1.580         
 1186   301  18.900   1.620         
 1187   301  20.950   2.090         
 1189   301  20.370   2.650         
 1191   301  22.920   1.880         
 1192   301  19.180   2.100         
 1193   301  18.110   1.560         
 1195   301  20.670   1.940         
 1196   301  20.200   2.030         
 1197   301  20.670   2.020         
 1198   301  19.550   2.430         
 1200   301  20.670   1.970         
 1201   301  18.970   1.680         
 1202   301  21.890   2.280         
 1203   301  17.860   2.000         
 1204   301  20.120   2.220         
 1205   301  20.540   2.130         
 1206   301  22.470   3.180         
 1207   301  21.000   1.840         
 1208   301  23.580   1.840         
 1209   301  20.280   1.950         
 1211   301  22.740   3.580         
 1212   301  19.880   2.320         
 1213   301  19.290   1.580         
 1214   301  15.140   1.580         
 1215   301  17.840   1.900         
 1216   301  20.410   1.820         
 1217   301  21.270   2.440         
 1218   301  21.800   1.200         
 1219   301  21.150   1.940         
 1220   301  22.260   1.640         
 1221   301  21.930   2.350         
 1222   301  22.460   2.220         
 1223   301  17.980   2.280         
 1224   301  23.450   1.910         
 1225   301  22.880   2.530         
 1226   301  19.510   1.580         
 1227   301  20.240   2.040         
 1228   301  20.390   2.110         
 1229   301  22.480   2.100         
 1230   301  20.540   2.430         
 1231   301  20.290   2.500         
 1232   301  20.510   2.060         
 1233   301  21.610   2.600         
 1234   301  18.300   1.750         
 1235   301  17.740   1.530         
 1236   301  20.190   1.940         
 1237   301  19.980   1.910         
 1238   301  21.100   1.930         
 1239   301  22.030   2.520         
 1241   301  18.690   1.760         
 1242   301  21.930   2.140         
 1243   301  20.610   2.310         
 1244   301  20.690   1.550         
 1245   301  21.250   1.630         
 1246   301  22.550   1.660         
 1248   301  22.850   1.340         
 1249   301  19.940   2.200         
 1250   301  21.390   2.060         
 1252   301  21.110   1.770         
 1253   301  22.880   1.590         
 1254   301  19.380   2.260         
 1256   301  18.610   1.860         
 1257   301  17.930   1.890         
 1258   301  21.240   1.700         
 1259   301  21.330   1.980         
 1260   301  19.540   1.830         
 1261   301  20.940   1.610         
 1262   301  20.270   2.130         
 1263   301  20.380   1.650         
 1264   301  21.750   2.040         
 1265   301  22.460   2.200         
 1266   301  21.540   2.290         
 1269   301  23.300   2.240         
 1270   301  20.290   1.750         
 1271   301  18.330   1.830         
 1273   301  22.650   1.630         
 1274   301  18.650   1.510         
 1275   301  22.800   3.190         
 1276   301  20.930   1.990         
 1277   301  21.980   2.310         
 1278   301  22.410   1.860         
 1279   301  21.270   1.970         
 1280   301  18.700   1.960         
 1281   301  20.700   1.850         
 1282   301  21.570   2.020         
 1283   301  20.660   1.790         
 1284   301  20.170   2.370         
 1285   301  22.620   2.710         
 1286   301  22.240   2.720         
 1288   301  20.310   2.120         
 1289   301  21.670   1.930         
 1290   301  18.150   2.200         
 1291   301  18.270   1.820         
 1292   301  23.330   1.610         
 1294   301  20.180   1.220         
 1295   301  19.320   1.460         
 1296   301  21.930   2.110         
 1297   301  18.590   1.360         
 1298   301  20.200   1.670         
 1299   301  23.310   2.240         
 1300   301  23.270   1.890         
 1301   301  23.050   2.140         
 1302   301  20.350   1.660         
 1303   301  21.270   2.400         
 1305   301  22.710   1.490         
 1306   301  16.110   1.390         
 1307   301  23.110   1.870         
 1308   301  18.150   1.460         
 1309   301  19.530   1.960         
 1310   301  22.100   1.760         
 1311   301  18.760   2.090         
 1313   301  19.760   2.120         
 1314   301  19.710   2.200         
 1316   301  21.730   1.900         
 1317   301  21.110   1.990         
 1318   301  22.010   1.530         
 1319   301  19.710   1.620         
 1320   301  18.320   1.910         
 1321   301  19.670   1.990         
 1322   301  22.220   1.890         
 1323   301  20.640   1.780         
 1324   301  23.460   0.930         
 1325   301  22.630   3.270         
 1326   301  17.150   1.690         
 1327   301  23.270   1.590         
 1328   301  22.090   2.980         
 1329   301  19.160   1.710         
 1330   301  18.610   1.810         
 1331   301  20.410   1.830         
 1334   301  18.630   1.860         
 1336   301  22.670   2.190         
 1337   301  21.480   1.870         
 1338   301  20.360   1.860         
 1339   301  22.480   2.640         
 1340   301  20.580   1.820         
 1341   301  17.690   1.910         
 1342   301  22.090   2.180         
 1343   301  19.970   2.130         
 1344   301  21.470   2.870         
 1345   301  22.140   2.000         
 1348   301  17.680   1.580         
 1349   301  22.830   3.540         
 1353   301  20.630   2.530         
 1354   301  19.910   1.630         
 1355   301  21.920   2.010         
 1356   301  20.870   1.760         
 1358   301  21.310   1.890         
 1359   301  19.980   1.760         
 1360   301  22.600   1.300         
 1361   301  23.020   1.780         
 1362   301  22.350   2.060         
 1363   301  20.380   1.940         
 1364   301  23.440   2.270         
 1365   301  22.920   1.880         
 1366   301  18.730   1.960         
 1368   301  19.720   2.160         
 1370   301  21.360   2.030         
 1371   301  18.680   1.600         
 1374   301  21.850   2.700         
 1375   301  22.110   2.110         
 1376   301  21.860   2.140         
 1377   301  20.070   1.720         
 1378   301  19.180   1.910         
 1379   301  22.560   2.090         
 1380   301  21.590   1.610         
 1400   301  23.590   2.760         
 1401   301  22.820   1.390         
 1402   301  23.000   1.500         
 1403   301  20.470   1.800         
 1404   301  18.030   1.020         
 1405   301  23.130   1.650         
 1406   301  23.680   0.940         
 1407   301  16.750   1.350         
 1408   301  19.940   2.210         
 1409   301  22.630   1.960         
 1410   301  15.620   0.970         
 1411   301  17.730   1.270         
 1412   301  20.570   1.880         
 1413   301  21.170   1.850         
 1414   301  18.400   1.210         
 1415   301  16.190   0.870         
 1416   301  16.020   1.010         
 1417   301  21.990   2.310         
 1418   301  18.390   1.370         
 1419   301  20.350   1.760         
 1420   301  18.570   1.320         
 1421   301  19.200   1.960         
 1422   301  19.040   1.710         
 1423   301  16.800   1.710         
 1424   301  18.510   1.450         
 1425   301  21.700   1.790         
 1426   301  19.230   1.330         
 1427   301  21.570   2.070         
 1428   301  15.350   1.010         
 1429   301  20.950   1.790         
 1430   301  18.170   1.340         
 1431   301  22.640   1.810         
 1432   301  20.010   1.720         
 1433   301  14.830   0.710         
 1434   301  16.360   2.210         
 1435   301  21.980   1.860         
 1436   301  18.610   2.160         
 1437   301  19.090   1.460         
 1438   301  23.540   1.380         
 1439   301  19.260   1.480         
 1440   301  19.450   1.560         
 1441   301  23.010   1.660         
 1442   301  20.470   1.760         
 1443   301  15.690   0.930         
 1444   301  19.490   1.680         
 1445   301  16.720   0.990         
 1446   301  18.680   1.950         
 1447   301  17.550   1.250         
 1448   301  20.250   2.040         
 1449   301  19.350   1.660         
 1450   301  21.230   1.960         
 1451   301  21.770   1.870         
 1452   301  23.210   1.640         
 1453   301  19.790   1.710         
 1454   301  15.510   0.860         
 1455   301  17.830   1.320         
 1456   301  19.660   1.710         
 1457   301  17.350   0.920         
 1458   301  18.920   1.260         
 1459   301  17.970   1.230         
 1460   301  17.120   1.210         
 1461   301  23.420   1.710         
 1462   301  20.920   1.940         
 1463   301  18.790   1.790         
 1464   301  20.890   1.990         
 1465   301  23.220   1.690         
 1466   301  18.050   1.200         
 1467   301  19.850   1.760         
 1468   301  19.560   1.700         
 1469   301  16.990   1.440         
 1470   301  23.010   1.990         
 1471   301  22.970   1.680         
 1472   301  19.230   1.620         
 1473   301  22.810   2.090         
 1474   301  21.340   1.840         
 1475   301  22.770   2.150         
 1476   301  21.530   2.260         
 1477   301  23.190   1.390         
 1478   301  22.330   1.840         
 1479   301  19.550   1.580         
 1480   301  20.660   1.830         
 1481   301  20.550   1.930         
 1482   301  17.980   1.090         
 1483   301  19.370   1.560         
 1484   301  19.280   1.690         
 1485   301  20.220   1.790         
 1486   301  18.510   1.200         
 1487   301  18.200   1.110         
 1488   301  15.700   0.980         
 1489   301  23.260   2.650         
 1490   301  18.360   1.510         
 1491   301  18.700   1.360         
 1492   301  19.060   1.550         
 1493   301  16.700   2.030         
 1494   301  18.120   1.070         
 1495   301  20.210   1.810         
 1496   301  23.370   1.420         
 1498   301  19.650   1.910         
 1500   301  22.880   1.570         
 1501   301  18.420   1.130         
 1502   301  20.780   1.950         
 1503   301  21.260   1.970         
 1505   301  16.890   1.170         
 1506   301  21.240   1.840         
 1507   301  21.380   1.590         
 1508   301  18.990   1.530         
 1509   301  18.170   1.200         
 1510   301  21.830   2.010         
 1511   301  18.660   1.200         
 1512   301  17.370   1.220         
 1513   301  23.550   1.170         
 1515   301  17.530   1.050         
 1517   301  20.170   2.020         
 1518   301  16.610   1.100         
 1519   301  18.510   1.210         
 1520   301  17.420   1.800         
 1521   301  21.980   1.890         
 1522   301  18.000   1.230         
 1523   301  18.400   1.230         
 1524   301  20.080   2.620         
 1525   301  19.860   1.500         
 1526   301  21.360   3.360         
 1527   301  20.750   2.020         
 1528   301  18.690   1.170         
 1529   301  22.480   1.530         
 1530   301  20.210   2.060         
 1531   301  17.400   1.430         
 1532   301  23.670   0.250         
 1533   301  19.290   2.660         
 1534   301  14.710   1.300         
 1535   301  17.580   1.720         
 1536   301  11.830   0.360         
 1537   301  17.880   1.340         
 1538   301  15.120   1.220         
 1539   301  18.120   1.450         
 1540   301  22.070   2.320         
 1541   301  23.510   1.930         
 1542   301  18.440   1.360         
 1543   301  23.050   1.540         
 1544   301  19.730   1.820         
 1545   301  14.690   1.740         
 1547   301  17.420   1.910         
 1548   301  22.230   2.070         
 1549   301  22.040   1.960         
 1550   301  19.370   1.510         
 1551   301  13.390   0.770         
 1552   301  20.030   1.600         
 1553   301  20.180   1.650         
 1554   301  18.900   1.580         
 1555   301  18.150   1.070         
 1556   301  23.730   2.070         
 1557   301  18.750   1.540         
 1558   301  22.850   2.950         
 1559   301  18.870   1.380         
 1560   301  22.020   2.370         
 1561   301  18.900   2.460         
 1562   301  19.680   1.760         
 1563   301  20.180   1.540         
 1564   301  22.220   2.080         
 1565   301  18.950   1.250         
 1566   301  21.080   1.720         
 1567   301  21.680   2.210         
 1568   301  20.430   2.130         
 1569   301  17.200   1.210         
 1570   301  19.820   1.550         
 1571   301  23.120   1.380         
 1572   301  23.280   1.780         
 1574   301  22.660   1.860         
 1575   301  20.690   1.780         
 1576   301  20.330   1.550         
 1577   301  21.600   1.670         
 1578   301  18.710   1.400         
 1579   301  15.900   1.490         
 1580   301  22.120   2.160         
 1581   301  18.930   1.050         
 1582   301  19.740   1.620         
 1583   301  19.270   1.510         
 1584   301  21.870   1.950         
 1585   301  20.450   2.000         
 1586   301  20.600   2.270         
 1587   301  19.470   1.640         
 1588   301  17.650   1.680         
 1589   301  20.700   1.940         
 1590   301  20.340   1.990         
 1591   301  21.890   2.300         
 1592   301  20.410   1.610         
 1593   301  21.830   2.090         
 1594   301  16.220   1.930         
 1595   301  22.440   1.890         
 1597   301  18.300   1.500         
 1598   301  16.500   1.480         
 1599   301  20.390   1.720         
 1600   301  22.760   1.640         
 1601   301  19.510   1.760         
 1602   301  20.760   1.890         
 1603   301  20.460   1.980         
 1604   301  16.050   2.230         
 1605   301  19.240   2.260         
 1606   301  19.590   1.630         
 1608   301  19.500   1.680         
 1609   301  23.190   2.720         
 1610   301  18.590   1.650         
 1611   301  22.760   2.710         
 1612   301  21.410   1.660         
 1613   301  19.930   1.650         
 1614   301  21.290   1.910         
 1615   301  20.550   1.800         
 1616   301  21.420   1.690         
 1617   301  23.100   1.630         
 1618   301  19.210   1.890         
 1619   301  20.480   2.180         
 1620   301  18.660   1.210         
 1621   301  19.970   1.700         
 1623   301  22.350   2.250         
 1624   301  18.230   1.390         
 1627   301  21.240   1.830         
 1629   301  19.480   1.850         
 1630   301  17.010   1.380         
 1631   301  21.620   1.950         
 1632   301  20.030   1.660         
 1633   301  22.860   1.650         
 1634   301  20.980   1.560         
 1635   301  22.430   2.230         
 1636   301  23.260   2.400         
 1637   301  21.110   1.910         
 1638   301  19.490   2.150         
 1639   301  20.750   2.050         
 1640   301  18.170   1.620         
 1641   301  19.000   1.370         
 1642   301  19.300   1.430         
 1643   301  23.070   2.170         
 1644   301  18.400   2.180         
 1645   301  19.090   1.600         
 1646   301  19.050   1.740         
 1647   301  20.100   1.520         
 1648   301  20.100   1.500         
 1649   301  23.200   1.830         
 1650   301  19.370   1.400         
 1651   301  18.950   1.470         
 1652   301  19.560   1.500         
 1653   301  22.420   1.710         
 1654   301  23.180   1.670         
 1655   301  23.380   2.410         
 1656   301  19.780   1.490         
 1657   301  18.710   1.090         
 1658   301  23.100   1.440         
 1659   301  17.760   1.280         
 1660   301  17.850   1.220         
 1661   301  20.850   1.750         
 1662   301  22.610   2.030         
 1663   301  19.600   2.040         
 1664   301  23.370   1.900         
 1665   301  22.620   3.800         
 1667   301  20.310   1.580         
 1668   301  19.630   1.550         
 1669   301  23.580   1.770         
 1670   301  18.580   1.360         
 1671   301  19.220   1.580         
 1674   301  20.720   1.720         
 1675   301  11.710   0.680         
 1676   301  18.920   1.360         
 1677   301  19.840   1.870         
 1678   301  22.950   2.310         
 1679   301  22.610   2.180         
 1680   301  22.380   2.590         
 1681   301  21.260   1.910         
 1682   301  21.430   1.790         
 1683   301  23.420   1.700         
 1684   301  17.770   1.060         
 1685   301  19.640   1.660         
 1686   301  22.830   2.840         
 1687   301  18.970   1.360         
 1688   301  20.910   1.860         
 1689   301  22.270   2.120         
 1690   301  19.050   1.440         
 1691   301  19.340   2.640         
 1692   301  19.700   1.690         
 1693   301  19.690   1.510         
 1694   301  22.930   1.420         
 1695   301  19.030   1.250         
 1696   301  19.780   2.210         
 1697   301  18.750   1.580         
 1698   301  18.820   1.630         
 1699   301  17.710   1.630         
 1700   301  17.080   1.440         
 1701   301  18.670   2.100         
 1702   301  17.390   1.470         
 1703   301  19.210   1.690         
 1704   301  20.180   2.180         
 1705   301  18.330   1.190         
 1706   301  18.790   1.540         
 1708   301  19.260   1.330         
 1709   301  17.550   1.190         
 1710   301  23.840   1.560         
