  No    Ref    V       B-V     U-B

 0002   229   7.050   0.920   0.050
 0003   229   7.230   1.150   1.240
 0004   229   8.600   0.810  -0.130
 0005   229   9.650   0.860  -0.120
 0006   229  10.060   0.260   0.010
 0007   229   9.960   0.460   0.010
 0008   229  10.310   0.200   0.040
 0011   229  10.490   0.320   0.130
 0013   229  10.430   0.830  -0.140
 0014   229  10.470   0.800  -0.240
 0015   229  10.970   0.560   0.020
 0016   229  10.650   0.800  -0.160
 0018   229  10.820   0.750  -0.200
 0020   229  10.990   1.170   1.280
 0021   229  11.870   0.710  -0.170
 0023   229  11.810   1.100   1.120
 0024   229  11.740   0.820  -0.130
 0025   229  11.530   0.940  -0.060
 0026   229  12.390   0.550  -0.030
 0027   229  11.680   1.030   0.040
 0028   229  12.240   0.790  -0.070
 0030   229  12.890   0.880   0.170
 0031   229  12.310   1.430   1.590
 0032   229  12.520   0.840  -0.090
 0034   229  12.730   0.900  -0.030
 0035   229  12.830   0.950   0.810
 0036   229  13.000   0.740   0.040
 0037   229  12.710   0.820  -0.020
 0038   229  12.950   0.800   0.020
 0039   229  13.170   0.780  -0.020
 0040   229  12.980   0.940   0.020
 0043   229  13.320   0.670   0.140
 0044   229  13.170   0.760   0.180
 0045   229  13.290   0.790   0.650
 0046   229  13.470   0.920   0.210
 0047   229  12.740   1.950   2.570
 0048   229  13.550   0.900   0.140
 0050   229  14.040   0.940   0.400
 0051   229  14.270   0.840   0.380
 0052   229  14.140   0.860   0.280
 0053   229  13.870   0.940   0.340
 0054   229  13.100   1.000   0.020
 0120   229  12.860   0.510   0.290
 0121   229  13.560   1.010   0.270
 0122   229  14.190   1.040   0.340
 0123   229  12.940   0.670   0.230
 0124   229  11.860   0.510   0.070
 0126   229  13.320   0.860   0.650
 0172   229  13.890   0.900   0.250
 0173   229  14.320   0.820   0.340
 0174   229  14.600   0.830   0.340
 0175   229  14.720   0.950   0.610
 0177   229  14.790   0.970   0.520
 0178   229  14.880   0.910   0.410
 0179   229  13.380   1.080   0.120
 0180   229  13.520   0.840   0.230
 0183   229  13.760   0.730   0.230
 0184   229  13.790   1.040   0.810
 0188   229  13.990   0.780   0.170
 0189   229  14.100   0.690   0.220
 0190   229  14.120   0.970   0.260
 0192   229  14.190   0.940   0.220
 0194   229  14.350   0.980   0.520
 0196   229  14.510   0.830   0.390
 0228   229  14.110   1.130   0.490
 0229   229  14.320   1.730   2.040
 0232   229  14.650   1.050   0.420
 0234   229  13.840   0.950   0.220
 0239   229  15.000   1.910   2.240
 0240   229  16.140   1.020   0.750
 0241   229  16.980   1.300   0.840
 0242   229  15.860   0.960   0.690
 0243   229  16.490   1.150   0.710
 0244   229  16.600   1.190   0.630
 0245   229  16.340   1.020   0.850
 0246   229  15.170   2.470   2.670
 0247   229  15.680   0.920   0.580
 0248   229  15.540   1.100   0.760
 0249   229  16.750   1.090   0.710
 0250   229  16.370   1.330   0.800
 0251   229  17.210   1.300   0.840
 0252   229  12.770   0.890  -0.030
 0253   229  16.070   1.020   0.730
 0254   229  16.640   1.160   0.590
 0255   229  17.170   1.750   1.670
 0256   229  15.280   0.900   0.550
 0257   229  16.640   1.170   0.830
 0258   229  15.590   1.190   0.650
 0259   229  14.890   1.100   0.550
 0260   229  17.730   1.490   1.710
 0261   229  17.660   1.360   0.970
 0262   229  16.200   0.930   0.350
 0263   229  15.720   0.910   0.310
 0264   229  14.850   0.970   0.710
 0265   229  18.050   1.430   0.890
 0266   229  17.340   1.300   1.560
 0267   229  18.060   1.520   1.240
 0268   229  17.100   1.280   0.810
 0269   229  17.830   1.320   0.980
 0270   229  17.520   1.270   0.970
 0271   229  16.930   1.220   0.670
 0272   229  17.630   1.550   0.940
 0273   229  16.210   1.080   0.760
 0274   229  17.190   1.220   0.710
 0275   229  16.490   1.240   0.720
 0276   229  15.650   1.190   0.620
 0277   229  16.480   1.050   0.730
 0278   229  17.500   1.280   1.520
 0279   229  16.130   0.980   0.910
 0280   229  18.540   1.510   0.520
 0281   229  18.510   1.750   0.790
 0282   229  16.470   1.320   0.910
 0283   229  17.640   1.510   1.980
 0284   229  15.240   0.960   0.530
 0285   229  16.050   1.000   0.770
 0286   229  18.190   1.370   0.730
 0287   229  16.300   1.100   1.220
 0288   229  14.970   0.740   0.410
 0289   229  16.500   1.110   0.850
 0290   229  15.890   1.450   1.390
 0291   229  18.140   1.520   1.100
 0292   229  17.270   1.430   0.810
 0293   229  15.460   0.920   0.890
 0294   229  14.940   0.980   0.450
 0295   229  15.710   0.970   0.660
 0296   229  17.130   1.410   0.840
 0297   229  17.300   1.370   1.290
 0298   229  17.420   1.160   0.770
 0299   229  14.780   0.790   0.500
 0300   229  16.890   1.290   1.050
 0301   229  17.130   1.450   0.960
 0302   229  16.200   1.100   0.940
 0303   229  15.770   0.950   0.540
 0304   229  15.960   1.200   1.240
 0305   229  14.720   0.850   0.550
 0306   229  15.380   0.960   0.830
 0307   229  16.970   1.360   0.910
 0308   229  16.810   1.150   0.910
 0309   229  18.110   1.490   1.280
 0310   229  14.600   0.800   0.370
 0311   229  17.210   1.630   1.110
 0312   229  17.640   1.320   1.270
 0313   229  16.330   1.400   1.000
 0314   229  16.650   1.350   0.850
 0315   229  16.560   1.150   1.370
 0316   229  17.880   1.800   1.740
 0317   229  15.540   0.970   0.630
 0318   229  18.030   1.460   0.930
 0319   229  16.250   1.150   0.770
 0320   229  16.530   0.960   0.270
 0321   229  17.520   1.640   1.020
 0322   229  18.600   1.710   1.100
 0323   229  18.230   1.550   0.930
 0324   229  16.990   1.250   0.980
 0325   229  16.750   1.230   1.000
 0326   229  17.370   1.320   0.820
 0327   229  17.470   1.180   1.200
 0328   229  17.260   1.270   0.820
 0329   229  18.200   1.520   1.160
 0330   229  16.990   1.220   0.800
 0331   229  16.460   1.100   0.810
 0332   229  15.710   0.960   0.470
 0333   229  17.600   1.430   0.920
 0334   229  15.740   1.020   0.520
 0335   229  15.230   1.020   0.560
 0336   229  15.980   1.160   0.700
 0337   229  16.120   1.150   0.640
 0338   229  17.090   1.290   0.970
 0339   229  17.050   1.220   0.940
 0340   229  18.120   1.340   0.860
 0341   229  18.710   1.380   0.860
 0342   229  17.750   1.320   1.200
 0343   229  14.880   1.040   0.410
 0344   229  15.020   1.110   0.490
 0345   229  16.000   1.070   1.130
 0346   229  15.340   1.120   0.740
 0347   229  14.610   0.900   0.380
 0348   229  15.270   1.970   1.420
 0349   229  16.260   1.350   1.000
 0350   229  14.590   1.120   0.550
 0352   229  14.170   1.070   0.770
 0353   229  15.700   1.260   1.410
 0354   229  16.240   1.380   0.950
 0355   229  14.720   0.970   0.980
 0356   229  17.190   1.570   1.010
 0357   229  13.250   0.840   0.620
 0358   229  15.590   1.020   0.700
 0359   229  16.290   1.180   0.910
 0360   229  16.390   1.490   1.110
 0361   229  16.910   1.430   0.970
 0362   229  16.120   1.320   0.980
 0363   229  15.670   1.320   0.860
 0364   229  16.290   1.240   0.830
 0365   229  15.620   1.260   0.930
 0366   229  16.740   1.160   1.040
 0367   229  17.790   1.460   1.190
 0368   229  14.780   0.890   0.700
 0369   229  15.360   1.820   1.870
 0370   229  17.100   1.160   0.830
 0371   229  15.120   0.930   0.360
 0372   229  16.260   1.210   1.350
 0373   229  16.250   1.090   0.890
 0374   229  16.780   1.310   0.870
 0375   229  15.480   0.930   0.710
 0376   229  16.480   1.320   0.880
 0377   229  16.230   1.480   1.100
