  No    Ref    V       B-V     U-B

 0090   246  15.452   0.931         
 0093   246  11.879   0.483         
 0097   246  12.293   0.499         
 0098   246  11.466   0.601         
 0099   246  11.754   0.500         
 0102   246  11.696   0.616         
 0106   246  12.239   0.459         
 0107   246  11.906   0.475         
 0108   246  11.179   1.077         
 0109   246  12.554   0.431         
 0112   246  12.201   0.480         
 0115   246  11.580   1.293         
 0116   246  11.648   0.483         
 0118   246  12.222   0.507         
 0121   246  12.458   0.551         
 0124   246  12.154   0.519         
 0126   246  12.543   0.472         
 0127   246  12.844   0.464         
 0136   246  11.243   0.538         
 0137   246  12.492   0.523         
 0139   246  11.387   1.096         
 0217   246  13.207   0.505         
 0219   246  13.394   0.577         
 0220   246  13.980   0.710         
 0221   246  14.966   0.745         
 0501   246  17.259   1.382         
 0504   246  18.519   1.132         
 0505   246  17.204   0.979         
 0509   246  17.535   1.006         
 0510   246  18.272   1.000         
 0511   246  15.296   1.344         
 0512   246  17.381   0.929         
 0513   246  17.589   1.072         
 0514   246  17.113   0.992         
 0515   246  16.013   0.952         
 0520   246  18.515   1.162         
 0523   246  16.269   0.955         
 0524   246  17.503   0.910         
 0527   246  18.524   1.046         
 0529   246  16.432   1.306         
 0530   246  16.261   0.981         
 0531   246  17.712   1.054         
 0532   246  18.602   1.266         
 0533   246  17.010   1.268         
 0534   246  18.175   0.967         
 0536   246  16.604   0.871         
 0537   246  19.168   0.837         
 0538   246  15.688   0.877         
 0539   246  17.959   0.945         
 0540   246  17.997   1.373         
 0542   246  16.809   1.151         
 0543   246  18.702   0.952         
 0544   246  18.011   1.358         
 0545   246  16.718   1.042         
 0547   246  18.274   1.077         
 0548   246  17.968   1.012         
 0549   246  17.456   0.931         
 0552   246  18.865   1.067         
 0553   246  18.379   0.867         
 0554   246  17.934   1.204         
 0555   246  17.286   0.994         
 0556   246  17.437   0.782         
 0558   246  17.949   1.141         
 0560   246  18.884   0.966         
 0563   246  15.488   1.785         
 0564   246  18.077   1.066         
 0565   246  16.138   0.872         
 0566   246  16.315   1.585         
 0567   246  16.826   0.911         
 0568   246  16.117   0.972         
 0569   246  16.992   1.449         
 0572   246  18.258   1.088         
 0573   246  17.991   1.288         
 0576   246  18.956   0.903         
 0578   246  19.025   0.851         
 0579   246  17.563   1.495         
 0580   246  18.121   1.147         
 0583   246  18.671   1.095         
 0584   246  18.033   0.939         
 0586   246  18.342   1.101         
 0589   246  17.253   0.925         
 0590   246  18.522   1.267         
 0591   246  17.662   0.971         
 0594   246  16.620   1.150         
 0595   246  18.334   1.075         
 0596   246  17.987   1.291         
 0597   246  16.816   1.194         
 0598   246  17.932   0.905         
 0600   246  16.192   0.815         
 0601   246  18.694   0.952         
 0603   246  18.518   1.259         
 0605   246  17.447   1.173         
 0607   246  18.814   0.696         
 0608   246  15.660   1.298         
 0609   246  17.479   0.976         
 0610   246  19.096   0.933         
 0611   246  18.113   1.376         
 0614   246  18.037   1.099         
 0615   246  18.197   1.309         
 0616   246  15.772   1.372         
 0617   246  16.994   1.209         
 0618   246  18.018   1.057         
 0619   246  18.487   0.973         
 0620   246  17.905   0.887         
 0622   246  19.077   0.943         
 0623   246  18.852   1.031         
 0625   246  18.651   0.940         
 0627   246  17.953   1.146         
 0628   246  16.287   0.915         
 0629   246  16.165   1.242         
 0631   246  18.754   1.166         
 0632   246  18.271   1.107         
 0633   246  15.043   1.343         
 0635   246  18.952   1.075         
 0636   246  18.553   1.028         
 0637   246  16.712   1.011         
 0638   246  18.001   1.092         
 0639   246  16.929   0.862         
 0640   246  16.775   1.329         
 0641   246  17.239   1.025         
 0643   246  15.863   0.770         
 0645   246  17.398   1.060         
 0647   246  18.571   1.282         
 0649   246  17.491   0.892         
 0651   246  15.410   0.879         
 0655   246  16.792   0.929         
 0658   246  19.077   1.008         
 0660   246  17.895   1.350         
 0664   246  18.092   1.564         
 0665   246  17.589   1.098         
 0666   246  17.487   1.337         
 0667   246  17.439   0.890         
 0668   246  18.021   0.948         
 0669   246  18.175   1.136         
 0670   246  17.413   1.116         
 0671   246  18.082   1.055         
 0674   246  17.821   1.427         
 0675   246  18.690   1.315         
 0677   246  16.762   0.953         
 0678   246  18.091   1.505         
 0679   246  17.151   1.295         
 0681   246  18.663   1.074         
 0682   246  19.018   1.091         
 0683   246  18.864   0.806         
 0688   246  16.944   1.084         
 0689   246  17.822   0.912         
 0690   246  18.718   1.142         
 0691   246  15.634   0.899         
 0692   246  16.588   0.822         
 0695   246  19.013   1.074         
 0696   246  14.620   1.538         
 0698   246  15.614   1.108         
 0700   246  17.998   0.967         
 0701   246  17.777   1.111         
 0702   246  17.084   0.978         
 0703   246  17.998   0.995         
 0704   246  15.663   1.441         
 0705   246  18.956   0.972         
 0706   246  18.139   1.021         
 0707   246  17.983   0.888         
 0708   246  18.499   1.045         
 0710   246  18.208   1.041         
 0711   246  17.888   1.491         
 0712   246  17.336   1.106         
 0713   246  18.892   1.100         
 0717   246  18.884   1.062         
 0718   246  17.754   1.356         
 0719   246  18.217   0.850         
 0720   246  16.988   0.991         
 0721   246  17.227   1.040         
 0722   246  17.851   1.436         
 0723   246  18.839   1.450         
 0724   246  16.661   1.159         
 0725   246  17.320   0.935         
 0726   246  17.105   1.381         
 0729   246  18.090   1.149         
 0730   246  18.196   1.039         
 0732   246  15.404   1.332         
 0733   246  16.661   0.911         
 0734   246  16.764   0.889         
 0736   246  16.099   1.105         
 0737   246  18.834   1.084         
 0738   246  15.591   1.314         
 0739   246  17.203   1.343         
 0740   246  18.946   1.036         
 0750   246  15.415   1.234         
 0779   246  15.080   1.417         
 0805   246  17.831   0.987         
 0816   246  18.328   1.013         
 0822   246  18.085   1.156         
 0833   246  18.084   1.151         
 0840   246  17.678   1.016         
 0844   246  18.336   1.091         
 0852   246  17.983   1.245         
 0857   246  17.579   1.356         
 0863   246  18.059   0.910         
 0866   246  19.029   1.038         
 0881   246  18.398   1.076         
 0891   246  18.707   1.133         
 0893   246  17.757   0.898         
 0894   246  16.518   1.026         
 0895   246  18.428   1.212         
 0900   246  18.079   0.918         
 0901   246  18.883   1.070         
 0903   246  18.044   0.965         
 0905   246  18.021   0.964         
 0910   246  18.153   1.065         
 0911   246  18.280   0.988         
 0927   246  17.222   0.873         
 0932   246  18.947   0.930         
 0938   246  15.605   0.954         
 0967   246  14.874   1.402         
 1002   246  14.445   0.866         
 1003   246  13.298   0.634         
 1007   246  13.835   0.616         
 1013   246  14.731   1.347         
 1014   246  13.759   0.613         
 1017   246  14.312   0.625         
 1018   246  12.658   1.390         
 1019   246  14.378   0.961         
 1020   246  14.132   0.618         
 1030   246  15.261   0.856         
 1032   246  14.916   0.726         
 1041   246  13.194   0.632         
 1055   246  14.112   1.586         
 1058   246  13.614   0.561         
 1060   246  13.795   0.611         
 1094   246  13.346   0.516         
 1096   246  14.527   1.313         
 1097   246  14.811   0.857         
 1098   246  14.396   1.370         
 1100   246  14.563   0.714         
 1129   246  14.356   0.699         
 1130   246  14.753   1.185         
 1132   246  14.933   0.831         
