 0001    45  10.440   0.530  -0.520
 0001   158  10.410   0.520  -0.490
 0001   230  10.429   0.508         
 0001   246  10.409   0.548         
 0002    45  11.320   0.560  -0.390
 0002   158  11.310   0.570  -0.400
 0002   230  11.327   0.548         
 0002   246  11.316   0.592         
 0003    45   9.380   0.520  -0.520
 0003   158   9.330   0.540  -0.530
 0003   230   9.357   0.517         
 0004    45  11.450   0.580   0.070
 0004   158  11.450   0.600   0.050
 0004   230  11.467   0.565         
 0004   246  11.467   0.595         
 0005    45  13.220   1.400         
 0005   158  13.190   1.450   1.160
 0005   230  13.185   1.392         
 0005   246  13.194   1.410         
 0007   158  14.710   1.020   0.420
 0007   230  14.690   0.910         
 0007   246  14.696   0.926         
 0008    45  13.520   0.500   0.290
 0008   158  13.580   0.490   0.250
 0008   230  13.570   0.457         
 0008   246  13.568   0.477         
 0009    45  11.780   0.720  -0.270
 0009   158  11.780   0.760  -0.270
 0009   230  11.791   0.728         
 0009   246  11.772   0.733         
 0010   158  14.550   0.840   0.210
 0010   230  14.502   0.791         
 0011    45  11.550   0.730  -0.260
 0011   158  11.550   0.760  -0.260
 0011   230  11.569   0.722         
 0011   246  11.547   0.738         
 0012    45  13.990   0.720   0.180
 0012   158  14.090   0.730   0.090
 0012   230  14.017   0.686         
 0013    45   9.770   0.420  -0.550
 0013   158   9.750   0.420  -0.560
 0013   230   9.798   0.385         
 0014    45  12.070   0.500  -0.210
 0014   158  12.170   0.500  -0.220
 0014   230  12.092   0.481         
 0014   246  12.069   0.494         
 0016    45  13.920   0.650   0.270
 0016   158  13.960   0.660   0.360
 0016   230  13.954   0.652         
 0016   246  13.928   0.686         
 0017    45  12.020   0.530  -0.320
 0017   158  12.030   0.540  -0.320
 0017   230  12.034   0.536         
 0017   246  11.988   0.558         
 0018    45  13.990   0.610   0.240
 0018   158  13.940   0.670   0.130
 0018   230  13.979   0.616         
 0019   158  15.280   1.060   1.040
 0020   158  12.880   0.610  -0.070
 0021   158  13.690   0.650   0.450
 0022   158  14.150   0.850   0.570
 0023   158  14.380   1.100   0.400
 0024    45  14.420   0.760         
 0024   158  14.500   0.770   0.080
 0024   230  14.451   0.738         
 0025    45  13.710   0.560  -0.070
 0025   158  13.780   0.590  -0.090
 0025   230  13.721   0.561         
 0025   246  13.675   0.594         
 0026   158  12.230   1.620   1.510
 0027   158  13.460   1.730   1.890
 0028   158  14.640   0.690   0.140
 0029   158  14.310   0.680   0.130
 0030   158  15.080   1.050   0.230
 0031   158  15.250   1.160   0.460
 0032   158  15.070   1.140   0.400
 0033   158  12.610   0.580   0.090
 0034   158  11.770   0.840  -0.240
 0035   158   9.300   1.190   0.790
 0036   158  13.630   0.950   0.590
 0039   158  13.700   0.650   0.340
 0040   158  14.070   0.750   0.280
 0041   158  14.130   0.800   0.270
 0042   158  11.930   1.380   1.020
 0043   158  11.420   0.420  -0.040
 0044   158  10.150   1.760   1.220
 0045   158  13.050   0.660  -0.010
 0046   158  14.920   0.930   0.230
 0047   158  15.070   0.960   0.340
 0048   158  13.190   1.450   1.070
 0049   158  13.490   1.320   1.010
 0050   158  11.700   0.520   0.060
 0051   158  13.740   0.650   0.370
 0052   158  14.280   0.870   0.240
 0053   158  13.740   0.630   0.390
 0054   158  10.200   0.450   0.150
 0055   158  12.540   0.630   0.110
 0056   158  13.210   0.780   0.110
 0057   158  15.090   0.750   0.360
 0058   158  14.680   0.960   0.480
 0059   158  14.900   0.690   0.330
 0060   158  14.580   0.900   0.180
 0061    45  13.470   0.760   0.380
 0061   158  13.450   0.790   0.390
 0061   230  13.440   0.745         
 0061   246  13.449   0.765         
 0062    45  12.870   1.300         
 0062   158  12.850   1.340   0.870
 0062   230  12.856   1.284         
 0062   246  12.866   1.294         
 0063   158  14.060   0.600   0.340
 0063   230  13.976   0.582         
 0063   246  13.998   0.586         
 0064    45  13.220   1.150   0.870
 0064   158  13.190   1.170   0.890
 0064   230  13.192   1.130         
 0064   246  13.214   1.130         
 0065    45  13.580   0.690  -0.070
 0065   158  13.560   0.730  -0.100
 0065   230  13.551   0.689         
 0065   246  13.553   0.715         
 0066    45  13.300   1.540         
 0066   158  13.240   1.600   1.570
 0066   230  13.236   1.557         
 0066   246  13.251   1.563         
 0067    45  12.610   0.770  -0.230
 0067   158  12.680   0.800  -0.250
 0067   230  12.625   0.759         
 0067   246  12.622   0.782         
 0068    45  11.850   0.700  -0.310
 0068   158  11.840   0.730  -0.310
 0068   230  11.874   0.696         
 0068   246  11.866   0.721         
 0069    45  14.480   0.890         
 0069   158  14.470   1.010   0.220
 0069   230  14.487   0.931         
 0069   246  14.480   0.942         
 0070   158  14.150   0.840   0.380
 0071   158  13.560   0.700   0.060
 0071   246  13.583   0.707         
 0072   158  14.980   0.760   0.450
 0073    45   9.470   0.690   0.240
 0073   158   9.400   0.770   0.230
 0074    45  11.580   0.490  -0.380
 0074   158  11.600   0.510  -0.400
 0075    45  13.280   1.430         
 0075   158  13.250   1.450   1.330
 0075   230  13.257   1.420         
 0075   246  13.224   1.465         
 0076    45  13.500   1.380         
 0076   158  13.490   1.370   1.040
 0076   230  13.490   1.375         
 0076   246  13.462   1.388         
 0077    45  13.730   0.660         
 0077   158  13.740   0.660   0.240
 0077   230  13.744   0.631         
 0077   246  13.715   0.661         
 0078    45  12.100   0.490  -0.280
 0078   158  12.110   0.490  -0.280
 0078   230  12.116   0.487         
 0079   158  14.230   0.710   0.180
 0080   158  12.930   0.480   0.260
 0081   158  13.180   0.770   0.040
 0082   158  11.960   0.470   0.050
 0083   158  12.100   0.820   0.370
 0084   158  14.450   0.700   0.440
 0086   158  13.120   0.820   0.320
 0087   158  15.000   1.330   0.450
 0088   158  12.370   0.560   0.140
 0089   158  14.270   0.640   0.240
 0090   158  13.300   0.770   0.330
 0091   158  10.950   0.450  -0.470
 0093   158  10.690   0.350  -0.550
 0094   158  13.240   0.430  -0.120
 0095   158  12.800   0.630   0.430
 0096   158  13.910   0.940   0.130
 0098   158  13.240   0.850   0.430
 0099   158  14.920   1.090  -0.030
 0100   158  13.490   1.410   1.020
 0101   158  13.860   1.470   1.320
 0102   158  13.350   0.790   0.230
 0104   158  13.150   1.610   1.590
 0106   158  14.040   0.940   0.150
 0107   158  14.280   0.870   0.290
 0108   158  11.280   0.400   0.120
 0109   158  10.440   0.590  -0.410
 0110   158  11.670   1.920   2.200
 0111   158   8.810   0.630  -0.430
 0113   158  13.750   0.870   0.290
 0122   158  14.190   0.810   0.130
 0123   158  12.990   0.670   0.360
 0125   158  13.680   1.230   0.850
 0127   158  14.020   1.010   0.620
 0128   158  14.530   0.640   0.400
 0129   158  13.600   0.690         
 0130   158  13.720   0.810   0.670
 0131   158  13.020   1.160   0.750
 0132   158  13.590   1.530   1.660
 0133   158  14.080   1.090   0.760
 0134   158  14.280   0.870   0.430
 0135   158  13.970   0.950   0.270
 0136   158  14.250   0.800   0.350
 0137   158  13.740   0.640   0.470
 0138   158  12.610   0.590   0.280
 0139   158  14.050   0.770   0.310
 0140   158  14.510   0.890   0.380
 0141   158   9.500   1.200   1.250
 0142   158  13.260   0.570  -0.120
 0179   158  12.460   1.610   1.520
 0180   158  12.180   1.710   1.740
 0184   158  13.030   0.860   0.620
 0185   158  13.650   0.690   0.470
 0186   158  13.860   0.640         
 0187   158  13.550   0.590  -0.040
 0189   158   8.790   0.620   0.080
 0190   158  14.850   1.200   0.370
 0191   158  13.410   0.620   0.260
 0192   158  14.400   0.930   0.790
 0213    45  14.040   0.780         
 0213   158  14.050   0.850   0.240
 0213   230  14.032   0.763         
 0213   246  14.046   0.784         
 0215   158  14.840   0.840   0.360
 0215   230  14.737   0.817         
 0215   246  14.709   0.821         
 0216   158  15.260   0.980   0.250
 0216   230  15.216   0.851         
 0216   246  15.205   0.891         
 0218    45  11.040   0.550  -0.440
 0218   158  11.020   0.550  -0.440
 0218   230  11.034   0.545         
 0218   246  11.024   0.588         
 0219    45  12.560   0.630  -0.170
 0219   158  12.550   0.620  -0.160
 0219   230  12.556   0.557         
 0220    45  12.270   0.550  -0.010
 0220   158  12.290   0.560  -0.040
 0220   230  12.317   0.524         
 0220   246  12.317   0.536         
 0221    45  13.030   0.610  -0.120
 0221   158  12.930   0.660  -0.170
 0221   230  13.052   0.565         
 0222   158  13.400   0.780   0.290
 0223    45  13.820   0.670   0.050
 0223   158  13.830   0.680  -0.030
 0223   230  13.837   0.627         
 0224    45  13.750   0.830         
 0224   158  13.710   0.860   0.170
 0224   230  13.756   0.816         
 0224   246  13.749   0.830         
 0225    45  13.740   0.620         
 0225   158  13.750   0.680  -0.070
 0225   230  13.779   0.596         
 0225   246  13.766   0.628         
 0226    45  14.100   0.690   0.100
 0226   158  14.110   0.680   0.130
 0226   230  14.129   0.578         
 0227   158  14.540   0.560  -0.040
 0227   230  14.462   0.579         
 0227   246  14.470   0.625         
 0228    45  14.340   0.620         
 0228   158  14.410   0.610   0.200
 0228   230  14.360   0.597         
 0228   246  14.340   0.614         
 0229   158  14.500   1.210   0.830
 0229   246  14.488   1.201         
 0231    45  14.340   0.860         
 0231   158  14.350   0.860   0.180
 0231   230  14.414   0.848         
 0232   158  14.410   0.800   0.050
 0232   230  14.403   0.707         
 0232   246  14.395   0.747         
 0233   158  15.120   0.910   0.350
 0234    45  15.010   0.830         
 0234   158  15.110   0.750   0.500
 0234   230  15.058   0.740         
 0234   246  15.043   0.806         
 0235   158  15.370   1.230   0.390
 0235   230  15.311   1.218         
 0236   158  15.490   0.750   0.590
 0237   158  15.420   0.840   0.400
 0237   230  15.423   0.765         
 0237   246  15.410   0.815         
 0238   158  15.400   1.040   0.130
 0238   230  15.405   0.943         
 0240   158  15.480   0.920   0.260
 0241   158  15.580   1.010   0.300
 0241   230  15.521   1.044         
 0242   158  15.580   0.880   0.360
 0242   246  15.634   0.947         
 0243   158  15.580   1.250   0.320
 0243   230  15.668   1.100         
 0258    45  13.630   0.650  -0.070
 0258   158  13.640   0.650  -0.070
 0258   230  13.656   0.621         
 0258   246  13.637   0.657         
 0259   158  13.720   0.790   0.380
 0260   158  12.560   0.700   0.100
 0264   158  13.610   0.480   0.380
 0273   230  15.307   1.981         
 0274   158  15.530   0.970   0.390
 0274   230  15.483   0.840         
 0274   246  15.469   0.867         
 0275   158  15.120   1.140   0.950
 0275   230  15.094   0.963         
 0276   158  15.290   0.940   0.470
 0277   158  15.290   1.390   0.790
 0277   230  15.293   1.271         
 0278   158  15.730   1.090   0.160
 0278   230  15.738   0.904         
 0278   246  15.747   0.965         
 0279    45  14.570   0.920   0.600
 0279   158  14.610   1.090   0.480
 0279   230  14.546   0.901         
 0279   246  14.548   0.954         
 0280    45  14.720   0.810         
 0280   158  14.770   0.820   0.520
 0280   230  14.757   0.786         
 0280   246  14.735   0.822         
 0281   230  14.628   1.305         
 0283   246  15.842   1.417         
 0285   158  15.740   0.840   0.790
 0286   158  15.720   0.930   0.290
 0288   158  15.760   1.050   1.050
 0289   158  15.240   1.170   0.020
 0311   158  14.880   0.850   0.420
 0312   158  14.310   0.770   0.460
 0313   158  15.740   1.210  -0.060
 0314   158  15.600   0.580   0.390
 0315   158  13.580   0.770   0.440
 0316   158  13.570   0.980   0.310
 0317   158  14.980   0.750   0.620
 0318   158  12.790   1.470   1.140
 0319   158  13.230   0.780   0.290
 0320   158  15.890   0.470   0.560
 0321   158  14.620   1.010   0.520
 0322   158  14.790   0.640   0.740
 0323   158  14.750   0.740   0.640
 0324   158  13.680   0.620   0.120
 0325   158  15.580   0.570  -0.120
 0326   158  15.470   1.010   0.920
 0327   158  15.020   0.990   1.350
 0328   158  16.230   2.810  -0.760
 0329   158  15.750   0.590   0.780
 0330   158  15.900   0.920   0.440
 0331   158  15.690   1.070   0.960
 0332   158  15.140   1.260   0.870
 0333   158  14.460   0.570   0.480
 0334   158  14.850   1.020   0.600
 0335   158  14.790   1.100   0.490
 0336   158  15.850   0.870   0.410
 0337   158  12.630   0.550   0.360
 0338   158  13.800   0.550   0.420
 0339   158  13.480   1.520   1.740
 0340   158  15.020   0.950   0.360
 0341   158  14.230   0.740   0.290
 0342   158  14.080   1.470   1.330
 0343   158  13.610   0.540   0.410
 0344   158  15.190   1.020   0.660
 0345   158  14.850   0.990   0.620
 0346   158  14.720   1.050   0.550
 0347   158  14.790   0.770   0.170
 0348   158  15.700   1.290  -0.180
 0349   158  15.330   1.150   0.160
 0350   158  15.690   1.260  -0.290
 0351   158  15.620   1.110  -0.060
 0352   158  15.370   1.220   0.210
 0353   158  14.780   1.180   0.190
 0354   158  15.520   1.550   0.120
 0355   158  14.150   0.870   0.440
 0356   158  15.420   1.420  -0.100
 0357   158  15.910   0.710   0.240
 0358   158  15.480   1.650  -0.260
 0359   158  15.380   1.040   0.250
 0360   158  13.990   0.810   0.370
 0361   158  15.830   1.680  -0.260
 0362   158  15.220   1.140   0.190
 0363   158  14.360   0.930   0.230
 0365   158  15.440   1.240   0.100
 0366   158  15.170   0.890   0.290
 0367   158  15.640   1.280   0.190
 0368   158  15.780   0.970  -0.560
 0369   158  14.480   0.940   0.470
 0370   158  15.390   1.520   0.550
 0371   158  14.090   1.560  -0.600
 0372   158  15.720   1.340   0.370
 0373   158  11.340   1.260   1.070
 0374   158  14.390   1.420   1.850
 0375   158  14.120   1.000   0.200
 0378   158  15.900   0.980   0.180
 0379   158  15.240   1.370   0.330
 0380    45  13.910   0.670  -0.010
 0380   230  13.887   0.562         
 0381    45  15.500   0.950         
 0381   158  15.480   0.980   0.450
 0381   230  15.454   0.834         
 0382   158  15.890   1.920   1.940
 0383   158  15.650   0.770   1.430
 0384    45  13.210   0.620  -0.150
 0384   158  13.200   0.630  -0.250
 0384   230  13.240   0.575         
 0385   158  12.390   0.740   0.200
 0386   158  16.040   2.220  -0.890
 0387   158  14.970   1.140   0.460
 0388   158  14.640   0.950   0.170
 0389   158  15.400   0.840   0.340
 0390   158  13.520   0.830   0.340
 0391   158  13.790   0.820   0.640
 0392   158  13.490   0.840   0.530
 0393   158  12.100   0.460   0.080
 0394   158  15.520   1.960  -0.600
 0395   158  13.010   0.950   0.690
 0396   158  14.560   1.020   0.510
 0397   158  11.380   0.640   0.180
 0398   158  15.050   0.710   0.560
 0399   158  16.210   0.950  -1.540
 0400   158  15.120   1.180   0.190
 0401   158  15.260   1.480   0.200
 0402   158  12.220   0.570   0.350
 0403   158  15.270   1.230   0.570
 0404   158  14.970   0.970   0.470
 0405   158  12.600   0.650  -0.210
 0406   158  16.450   1.980  -1.470
 0407   158  16.120   1.370  -0.490
 0408   158  12.790   0.880   0.390
 0409   158  15.070   1.020   0.590
 0410   158  15.490   0.850   0.540
 0411   158  12.960   0.630   0.120
 0412   158  15.580   0.850   0.760
 0413   158  15.520   1.180   0.580
 0414   158  13.930   1.080   0.700
 0415   158  14.310   0.960   0.500
 0416   158  14.580   1.140   0.510
 0417   158  10.710   0.410   0.190
 0418   158  15.200   1.580  -0.220
 0419   158  14.210   0.760   0.140
 0420   158  15.060   1.160   0.340
 0421   158  13.010   0.670   0.090
 0422   158  11.900   0.630  -0.340
 0423   158  15.920   1.460  -0.490
 0424   158  15.560   1.420   0.060
 0425   158  15.450   0.730   0.570
 0426   158  13.530   0.840   0.120
 0427   158  13.190   0.760   0.280
 0428   158  11.110   1.230   1.210
 0429   158  15.030   1.060   0.440
 0430   158  13.950   0.720   0.040
 0431   158  13.980   0.740   0.170
 0432   158  15.420   1.540   1.300
 0433   158  15.640   0.760   0.460
 0434   158  11.700   1.400   1.020
 0435   158  12.040   0.690  -0.140
 0436   158  12.840   0.670   0.170
 0437   158  14.140   0.880   0.380
 0438   158  14.890   1.060   0.530
 0439   158  13.430   0.760  -0.050
 0440   158  15.020   1.260   0.050
 0441   158  14.510   1.980   0.440
 0442   158  13.200   1.650   0.960
 0443   158  14.150   0.990   0.410
 0444   158  14.120   0.850   0.490
 0445   158  13.550   0.730  -0.120
 0446   158  15.840   0.630   0.390
 0447   158  12.320   0.600   0.110
 0452   230  16.053   1.164         
 0487   246  17.171   1.255         
 0491   246  17.818   1.239         
 0506   230  14.613   0.932         
 0543   246  17.429   1.656         
 0544   246  17.323   1.146         
 0561    45  13.480   0.680  -0.100
 0561   230  13.477   0.551         
 0573   246  17.253   1.582         
 0585   230  15.868   1.060         
 0618   246  17.877   1.172         
 0628   246  17.240   1.094         
 0634   246  17.488   1.196         
 0636   230  16.976   0.907         
 0636   246  17.011   1.151         
 0679   246  17.471   1.191         
 0682   246  15.458   1.441         
 0683   246  16.090   1.399         
 0686   246  17.586   1.562         
 1101   158  13.880   0.690  -0.100
 1104   158  15.960   0.330   1.540
 1108   158  15.360   0.610   0.560
 1109   158  15.760   1.080   0.570
 1111   158  14.990   0.950   0.970
 1121   158  14.550   0.610   0.450
 1127   158  14.780   0.780   0.410
 1129   158  14.070   0.690         
 1130   158  15.070   0.630   0.510
 1131   158  15.410   1.410  -0.120
 1134   158  14.910   1.480   0.610
 1135   158  14.570   1.520   1.330
 1136   158  14.400   0.540   0.790
 1139   158  15.650   0.820   0.360
 1203   158  16.250   0.290   0.330
 1209   158  15.880   2.060   0.460
 1213   158  15.230   0.690   0.340
 1216   158  15.590   1.850  -0.020
 1221   158  15.900   0.930   0.680
 1226   158  14.440   0.500   0.370
 1229   158  14.750   0.710   0.250
 1230   158  15.280   0.980   0.880
 1301   158  14.650   0.900   0.340
 1305   158  15.660   0.900   0.210
 1307   158  15.240   1.250   0.460
 1310   158  14.830   1.040   0.210
 1313   158  14.880   0.730   0.360
 1316   158  15.600   1.000   0.560
 1317   158  15.350   0.970   0.470
 1321   158  15.380   0.880   0.300
 1322   158  15.700   1.350  -0.410
 1323   158  16.320   0.170   0.850
 1324   158  15.690   1.420  -0.290
 1329   158  15.400   0.950   0.170
 1330   158  15.130   0.990   0.070
 1402   158  14.090   0.790   0.270
 1407   158  15.430   1.400  -0.360
 1410   158  15.650   1.230   0.480
 1422   158  15.330   0.980   0.140
 1426   158  15.820   1.980  -0.670
 2102   158  15.110   0.860   0.710
 2106   158  14.990   0.630   0.490
 2109   158  14.630   0.690   0.400
 2110   158  15.310   1.090   0.790
 2113   158  15.840   0.740   1.160
 2114   158  15.120   0.890   0.850
 2120   158  15.030   0.890   0.730
 2121   158  15.240   1.160   1.530
 2123   158  15.930   0.840   2.450
 2127   158  15.730   0.980   0.260
 2128   158  15.720   0.680   1.420
 2130   158  15.670   0.840   0.140
 2204   158  15.700   0.950   1.460
 2209   158  15.940   1.600   0.300
 2214   158  15.200   1.360  -0.130
 2215   158  15.960   1.560  -0.560
 2228   158  15.590   0.890   0.310
 2230   158  16.240   1.150   0.220
 2231   230  16.249   0.857         
 2231   246  16.257   1.079         
 2232   158  16.070   0.930   0.230
 2232   230  16.030   1.034         
 2303   158  15.670   0.870   0.230
 2304   158  15.980   0.850   0.620
 2308   158  15.620   1.100   0.190
 2309   158  15.780   0.970   0.480
 2310   158  15.090   0.910   0.410
 2312   158  15.610   0.770   0.520
 2313   158  14.280   0.650   0.400
 2317   158  15.630   0.970   0.760
 2319   158  15.570   1.150   0.340
 2320   158  15.440   0.980   0.480
 2321   158  15.480   1.120   1.020
 2322   158  15.170   0.680   0.350
 2329   158  15.330   1.060   0.440
 2330   158  14.800   1.040   0.540
 2331   158  15.350   1.070   0.360
 2337   158  15.850   1.130   0.600
 2337   230  15.864   1.013         
 2337   246  15.899   1.077         
 2340   230  17.007   0.874         
 2340   246  17.048   1.325         
 2342   230  16.267   1.158         
 2342   246  16.258   1.236         
 2349   158  16.010   0.990   0.290
 2349   246  16.086   0.976         
 2401   158  14.440   0.940   0.420
 2404   158  14.990   1.130   0.540
 2407   158  15.980   0.610   0.430
 2411   158  15.510   1.550   0.190
 2415   158  14.850   0.690   0.380
 2416   158  15.950   0.880   0.700
 2427   158  16.030   0.970   1.750
 2429   158  15.820   1.580   0.790
 3101   158  15.790   0.920   1.030
 3103   158  16.030   0.910   0.360
 3108   158  14.980   1.010   1.240
 3111   158  15.940   0.620   0.780
 3113   158  15.420   0.870   0.470
 3115   158  15.950   0.910   1.230
 3116   158  15.910   1.200   0.680
 3118   158  15.080   1.070   0.140
 3119   158  15.590   0.960  -0.230
 3122   158  16.030   1.080   0.670
 3124   158  14.660   1.030   0.350
 3125   158  14.980   0.780   0.250
 3127   158  14.260   0.720   0.350
 3201   158  14.620   0.890   0.400
 3202   158  14.590   0.920   0.340
 3223   158  15.210   0.880   0.280
 3225   158  14.690   1.000   0.440
 3225   246  14.652   0.946         
 3226   230  15.928   0.974         
 3226   246  15.936   0.998         
 3228   230  15.425   1.267         
 3238   230  16.472   1.112         
 3305   230  16.211   1.062         
 3305   246  16.247   1.023         
 3306   230  16.466   1.055         
 3306   246  16.505   1.064         
 3309   230  16.910   0.843         
 3316   230  16.346   1.439         
 3316   246  16.355   1.474         
 3317   230  15.850   1.317         
 3317   246  15.842   1.353         
 3319   158  14.850   0.700   0.150
 3319   230  14.850   0.678         
 3319   246  14.851   0.677         
 3321   246  16.025   1.466         
 3324   158  15.910   1.080   0.350
 3324   230  15.950   0.966         
 3324   246  15.972   0.982         
 3327   246  16.627   1.611         
 3341   230  16.584   1.031         
 3343   158  16.000   0.990   0.680
 3343   230  15.849   1.053         
 3354   230  16.428   1.033         
 3354   246  16.443   0.980         
 3357   230  16.383   1.109         
 3418   158  15.730   1.170  -0.080
 3428   158  14.830   1.320  -0.010
 3433   158  16.060   0.980   0.240
 3437   158  15.550   1.430   0.020
 4104   158  16.340   0.820   1.690
 4105   158  15.760   1.220   1.950
 4107   158  16.180   1.080  -0.120
 4111   158  15.440   0.990         
 4113   158  15.910   1.110  -0.080
 4115   158  15.070   1.060   0.600
 4119   158  14.460   1.070   0.710
 4123   158  15.080   1.000   0.130
 4124   158  15.740   1.340  -0.170
 4206   158  16.010   1.310   0.130
 4209   158  15.810   1.190   0.100
 4232   158  15.820   1.000   0.130
 4234   158  15.490   0.980   0.500
 4235   158  15.010   1.040   0.440
 4309   158  15.930   1.600   0.530
 4314   158  15.950   1.130   0.400
 4316   158  14.730   1.100   0.580
 4317   158  15.990   1.450   0.540
 4320   158  14.730   0.850   0.180
 4401   158  15.840   1.090  -0.130
 4402   158  16.450   1.370   2.050
 4407   158  15.140   1.150   0.760
 4408   158  15.310   1.410  -0.100
 4414   158  15.530   0.740   0.560
 4418   158  15.540   0.470   2.150
 4423   158  15.580   1.790   0.240
 4424   158  14.400   1.100   0.400
 4431   158  15.650   1.000   0.440
